#JOSM PicLayer plugin calibration data
#Sat Nov 14 13:47:05 CST 2015
POSITION_Y=144641.93795474057
POSITION_X=1.155359196115122E7
M12=0.9174052204939647
M11=0.10469041817121445
M10=0.0
M02=25.43025442604533
INITIAL_SCALE=30.342071047763522
M01=0.0
M00=0.10469041817121445
