#JOSM PicLayer plugin calibration data
#Fri Nov 27 11:58:34 SGT 2015
POSITION_Y=143226.74022691406
POSITION_X=1.155702698086967E7
M12=16.346795401706522
M11=0.7100370782973999
M10=0.0
M02=-3.125097002249505
INITIAL_SCALE=17.07834396558559
M01=0.0
M00=0.7100370782973999
